-7.87028	6.06199	-5.6803
-8.13094	6.06199	-5.52979
-8.13095	6.06199	-5.2288
-7.80509	6.06199	-5.34166
-8.13096	6.06199	-4.92778
-7.73992	6.06199	-5.00304
-7.34892	6.06199	-5.07829
-7.47925	6.06199	-5.45453
-7.60959	6.06199	-5.83081
-8.13095	6.06199	-4.62677
-8.13094	6.06199	-4.32577
-7.60959	6.06199	-4.32577
-7.67476	6.06199	-4.66439
-7.08822	6.06199	-4.32575
-7.21856	6.06199	-4.70203
-6.56686	6.06199	-4.32577
-6.04551	6.06199	-4.32577
-6.30619	6.06199	-4.77727
-6.76237	6.06199	-4.73965
-6.56685	6.06199	-5.22879
-6.95789	6.06199	-5.15353
-6.82755	6.06199	-5.6803
-7.08823	6.06199	-6.1318
-7.34891	6.06199	-5.98131
-7.15339	6.06199	-5.56743
-8.13095	6.06199	-3.42276
-8.13095	6.06199	-3.12173
-7.87026	6.06199	-2.97122
-7.80509	6.06199	-3.30987
-7.60959	6.06199	-2.82072
-7.47924	6.06199	-3.19698
-7.34892	6.06199	-3.57324
-7.73993	6.06199	-3.64851
-8.13096	6.06199	-3.72376
-7.3489	6.06199	-2.67021
-7.08824	6.06199	-2.51972
-6.82755	6.06199	-2.97124
-7.15338	6.06199	-3.08411
-6.56687	6.06199	-3.42276
-6.95789	6.06199	-3.498
-6.3062	6.06199	-3.87425
-6.76238	6.06199	-3.91187
-7.21857	6.06199	-3.9495
-8.13094	6.06199	-4.02474
-7.67476	6.06199	-3.98712
-6.30619	6.06199	-2.0682
-6.0455	6.06199	-1.91769
-5.78483	6.06199	-2.06822
-6.0455	6.06199	-2.29396
-5.52415	6.06199	-2.21872
-5.78483	6.06199	-2.51973
-6.04552	6.06199	-2.82072
-6.30619	6.06199	-2.51971
-6.56688	6.06199	-2.21871
-5.26347	6.06199	-2.36921
-5.00277	6.06199	-2.51973
-5.26348	6.06199	-2.97124
-5.52415	6.06199	-2.74547
-5.52415	6.06199	-3.42274
-5.78482	6.06199	-3.12172
-5.78481	6.06199	-3.87426
-6.04552	6.06199	-3.49799
-6.30619	6.06199	-3.12174
-6.82755	6.06199	-2.36921
-6.56686	6.06199	-2.74549
-4.22074	6.06199	-2.97124
-3.96006	6.06199	-3.12173
-3.96007	6.06199	-3.42274
-4.28591	6.06199	-3.30986
-3.96007	6.06199	-3.72376
-4.35108	6.06199	-3.64849
-4.74211	6.06199	-3.57325
-4.61175	6.06199	-3.19699
-4.48144	6.06199	-2.82073
-3.96005	6.06199	-4.02475
-3.96006	6.06199	-4.32575
-4.48144	6.06199	-4.32577
-4.41624	6.06199	-3.98713
-5.00278	6.06199	-4.32577
-4.87244	6.06199	-3.94949
-5.52414	6.06199	-4.32575
-5.32863	6.06199	-3.91188
-5.13311	6.06199	-3.498
-4.74209	6.06199	-2.67022
-4.93761	6.06199	-3.0841
-3.96008	6.06199	-5.22878
-3.96005	6.06199	-5.5298
-4.22074	6.06199	-5.68031
-4.28591	6.06199	-5.34166
-4.48143	6.06199	-5.83082
-4.61176	6.06199	-5.45455
-4.74211	6.06199	-5.0783
-4.3511	6.06199	-5.00303
-3.96007	6.06199	-4.92778
-4.7421	6.06199	-5.98131
-5.00279	6.06199	-6.13182
-5.26347	6.06199	-5.6803
-4.93762	6.06199	-5.56741
-5.52416	6.06199	-5.22878
-5.13313	6.06199	-5.15354
-5.78483	6.06199	-4.77729
-5.32864	6.06199	-4.73967
-4.87243	6.06199	-4.70203
-3.96006	6.06199	-4.62678
-4.41625	6.06199	-4.6644
-5.78481	6.06199	-6.58332
-6.0455	6.06199	-6.73383
-6.3062	6.06199	-6.58331
-6.0455	6.06199	-6.35756
-6.56688	6.06199	-6.43282
-6.3062	6.06199	-6.13181
-6.04551	6.06199	-5.83082
-5.78481	6.06199	-6.13181
-5.52414	6.06199	-6.43283
-6.82753	6.06199	-6.28232
-6.56685	6.06199	-5.90606
-6.30618	6.06199	-5.5298
-6.0455	6.06199	-5.15355
-5.78483	6.06199	-5.5298
-5.26345	6.06199	-6.28232
-5.52416	6.06199	-5.90605
-7.87028	0.1	-5.6803
-8.13094	0.1	-5.52979
-8.13094	0.84526	-5.52979
-7.87028	0.84526	-5.6803
-8.13094	1.59049	-5.52979
-7.87028	1.59049	-5.6803
-7.60959	1.59049	-5.83081
-7.60959	0.84526	-5.83081
-7.60959	0.1	-5.83081
-8.13094	2.33575	-5.52979
-8.13094	3.08101	-5.52979
-7.87028	3.08101	-5.6803
-7.87028	2.33575	-5.6803
-7.60959	3.08101	-5.83081
-7.60959	2.33575	-5.83081
-7.34891	3.08101	-5.98131
-7.08823	3.08101	-6.1318
-7.08823	2.33575	-6.1318
-7.34891	2.33575	-5.98131
-7.08823	1.59049	-6.1318
-7.34891	1.59049	-5.98131
-7.08823	0.84526	-6.1318
-7.08823	0.1	-6.1318
-7.34891	0.1	-5.98131
-7.34891	0.84526	-5.98131
-8.13094	5.31676	-5.52979
-7.87028	5.31676	-5.6803
-7.60959	5.31676	-5.83081
-7.60959	4.5715	-5.83081
-7.87028	4.5715	-5.6803
-8.13094	4.5715	-5.52979
-7.08823	5.31676	-6.1318
-7.34891	5.31676	-5.98131
-7.08823	4.5715	-6.1318
-7.34891	4.5715	-5.98131
-7.08823	3.82624	-6.1318
-7.34891	3.82624	-5.98131
-7.60959	3.82624	-5.83081
-8.13094	3.82624	-5.52979
-7.87028	3.82624	-5.6803
-6.0455	5.31676	-6.73383
-6.3062	5.31676	-6.58331
-6.0455	4.5715	-6.73383
-6.3062	4.5715	-6.58331
-6.56688	4.5715	-6.43282
-6.56688	5.31676	-6.43282
-6.0455	3.82624	-6.73383
-6.0455	3.08101	-6.73383
-6.3062	3.08101	-6.58331
-6.3062	3.82624	-6.58331
-6.56688	3.08101	-6.43282
-6.56688	3.82624	-6.43282
-6.82753	3.08101	-6.28232
-6.82753	3.82624	-6.28232
-6.82753	4.5715	-6.28232
-6.82753	5.31676	-6.28232
-6.0455	0.84526	-6.73383
-6.0455	0.1	-6.73383
-6.3062	0.1	-6.58331
-6.3062	0.84526	-6.58331
-6.56688	0.1	-6.43282
-6.56688	0.84526	-6.43282
-6.56688	1.59049	-6.43282
-6.3062	1.59049	-6.58331
-6.0455	1.59049	-6.73383
-6.82753	0.1	-6.28232
-6.82753	0.84526	-6.28232
-6.82753	1.59049	-6.28232
-6.82753	2.33575	-6.28232
-6.56688	2.33575	-6.43282
-6.0455	2.33575	-6.73383
-6.3062	2.33575	-6.58331
-8.13095	0.1	-3.42276
-8.13095	0.1	-3.12173
-8.13095	0.84526	-3.12173
-8.13095	0.84526	-3.42276
-8.13095	1.59049	-3.12173
-8.13095	1.59049	-3.42276
-8.13096	1.59049	-3.72376
-8.13096	0.84526	-3.72376
-8.13096	0.1	-3.72376
-8.13095	2.33575	-3.12173
-8.13095	3.08101	-3.12173
-8.13095	3.08101	-3.42276
-8.13095	2.33575	-3.42276
-8.13096	3.08101	-3.72376
-8.13096	2.33575	-3.72376
-8.13094	3.08101	-4.02474
-8.13094	3.08101	-4.32577
-8.13094	2.33575	-4.32577
-8.13094	2.33575	-4.02474
-8.13094	1.59049	-4.32577
-8.13094	1.59049	-4.02474
-8.13094	0.84526	-4.32577
-8.13094	0.1	-4.32577
-8.13094	0.1	-4.02474
-8.13094	0.84526	-4.02474
-8.13095	5.31676	-3.12173
-8.13095	5.31676	-3.42276
-8.13096	5.31676	-3.72376
-8.13096	4.5715	-3.72376
-8.13095	4.5715	-3.42276
-8.13095	4.5715	-3.12173
-8.13094	5.31676	-4.32577
-8.13094	5.31676	-4.02474
-8.13094	4.5715	-4.32577
-8.13094	4.5715	-4.02474
-8.13094	3.82624	-4.32577
-8.13094	3.82624	-4.02474
-8.13096	3.82624	-3.72376
-8.13095	3.82624	-3.12173
-8.13095	3.82624	-3.42276
-8.13095	5.31676	-5.2288
-8.13095	4.5715	-5.2288
-8.13096	4.5715	-4.92778
-8.13096	5.31676	-4.92778
-8.13095	3.08101	-5.2288
-8.13095	3.82624	-5.2288
-8.13096	3.08101	-4.92778
-8.13096	3.82624	-4.92778
-8.13095	3.08101	-4.62677
-8.13095	3.82624	-4.62677
-8.13095	4.5715	-4.62677
-8.13095	5.31676	-4.62677
-8.13095	0.1	-5.2288
-8.13095	0.84526	-5.2288
-8.13096	0.1	-4.92778
-8.13096	0.84526	-4.92778
-8.13096	1.59049	-4.92778
-8.13095	1.59049	-5.2288
-8.13095	0.1	-4.62677
-8.13095	0.84526	-4.62677
-8.13095	1.59049	-4.62677
-8.13095	2.33575	-4.62677
-8.13096	2.33575	-4.92778
-8.13095	2.33575	-5.2288
-6.30619	0.1	-2.0682
-6.0455	0.1	-1.91769
-6.0455	0.84526	-1.91769
-6.30619	0.84526	-2.0682
-6.0455	1.59049	-1.91769
-6.30619	1.59049	-2.0682
-6.56688	1.59049	-2.21871
-6.56688	0.84526	-2.21871
-6.56688	0.1	-2.21871
-6.0455	2.33575	-1.91769
-6.0455	3.08101	-1.91769
-6.30619	3.08101	-2.0682
-6.30619	2.33575	-2.0682
-6.56688	3.08101	-2.21871
-6.56688	2.33575	-2.21871
-6.82755	3.08101	-2.36921
-7.08824	3.08101	-2.51972
-7.08824	2.33575	-2.51972
-6.82755	2.33575	-2.36921
-7.08824	1.59049	-2.51972
-6.82755	1.59049	-2.36921
-7.08824	0.84526	-2.51972
-7.08824	0.1	-2.51972
-6.82755	0.1	-2.36921
-6.82755	0.84526	-2.36921
-6.0455	5.31676	-1.91769
-6.30619	5.31676	-2.0682
-6.56688	5.31676	-2.21871
-6.56688	4.5715	-2.21871
-6.30619	4.5715	-2.0682
-6.0455	4.5715	-1.91769
-7.08824	5.31676	-2.51972
-6.82755	5.31676	-2.36921
-7.08824	4.5715	-2.51972
-6.82755	4.5715	-2.36921
-7.08824	3.82624	-2.51972
-6.82755	3.82624	-2.36921
-6.56688	3.82624	-2.21871
-6.0455	3.82624	-1.91769
-6.30619	3.82624	-2.0682
-7.87026	5.31676	-2.97122
-7.87026	4.5715	-2.97122
-7.60959	4.5715	-2.82072
-7.60959	5.31676	-2.82072
-7.87026	3.08101	-2.97122
-7.87026	3.82624	-2.97122
-7.60959	3.08101	-2.82072
-7.60959	3.82624	-2.82072
-7.3489	3.08101	-2.67021
-7.3489	3.82624	-2.67021
-7.3489	4.5715	-2.67021
-7.3489	5.31676	-2.67021
-7.87026	0.1	-2.97122
-7.87026	0.84526	-2.97122
-7.60959	0.1	-2.82072
-7.60959	0.84526	-2.82072
-7.60959	1.59049	-2.82072
-7.87026	1.59049	-2.97122
-7.3489	0.1	-2.67021
-7.3489	0.84526	-2.67021
-7.3489	1.59049	-2.67021
-7.3489	2.33575	-2.67021
-7.60959	2.33575	-2.82072
-7.87026	2.33575	-2.97122
-4.22074	0.1	-2.97124
-3.96006	0.1	-3.12173
-3.96006	0.84526	-3.12173
-4.22074	0.84526	-2.97124
-3.96006	1.59049	-3.12173
-4.22074	1.59049	-2.97124
-4.48144	1.59049	-2.82073
-4.48144	0.84526	-2.82073
-4.48144	0.1	-2.82073
-3.96006	2.33575	-3.12173
-3.96006	3.08101	-3.12173
-4.22074	3.08101	-2.97124
-4.22074	2.33575	-2.97124
-4.48144	3.08101	-2.82073
-4.48144	2.33575	-2.82073
-4.74209	3.08101	-2.67022
-5.00277	3.08101	-2.51973
-5.00277	2.33575	-2.51973
-4.74209	2.33575	-2.67022
-5.00277	1.59049	-2.51973
-4.74209	1.59049	-2.67022
-5.00277	0.84526	-2.51973
-5.00277	0.1	-2.51973
-4.74209	0.1	-2.67022
-4.74209	0.84526	-2.67022
-3.96006	5.31676	-3.12173
-4.22074	5.31676	-2.97124
-4.48144	5.31676	-2.82073
-4.48144	4.5715	-2.82073
-4.22074	4.5715	-2.97124
-3.96006	4.5715	-3.12173
-5.00277	5.31676	-2.51973
-4.74209	5.31676	-2.67022
-5.00277	4.5715	-2.51973
-4.74209	4.5715	-2.67022
-5.00277	3.82624	-2.51973
-4.74209	3.82624	-2.67022
-4.48144	3.82624	-2.82073
-3.96006	3.82624	-3.12173
-4.22074	3.82624	-2.97124
-5.78483	5.31676	-2.06822
-5.78483	4.5715	-2.06822
-5.52415	4.5715	-2.21872
-5.52415	5.31676	-2.21872
-5.78483	3.08101	-2.06822
-5.78483	3.82624	-2.06822
-5.52415	3.08101	-2.21872
-5.52415	3.82624	-2.21872
-5.26347	3.08101	-2.36921
-5.26347	3.82624	-2.36921
-5.26347	4.5715	-2.36921
-5.26347	5.31676	-2.36921
-5.78483	0.1	-2.06822
-5.78483	0.84526	-2.06822
-5.52415	0.1	-2.21872
-5.52415	0.84526	-2.21872
-5.52415	1.59049	-2.21872
-5.78483	1.59049	-2.06822
-5.26347	0.1	-2.36921
-5.26347	0.84526	-2.36921
-5.26347	1.59049	-2.36921
-5.26347	2.33575	-2.36921
-5.52415	2.33575	-2.21872
-5.78483	2.33575	-2.06822
-3.96008	0.1	-5.22878
-3.96005	0.1	-5.5298
-3.96005	0.84526	-5.5298
-3.96008	0.84526	-5.22878
-3.96005	1.59049	-5.5298
-3.96008	1.59049	-5.22878
-3.96007	1.59049	-4.92778
-3.96007	0.84526	-4.92778
-3.96007	0.1	-4.92778
-3.96005	2.33575	-5.5298
-3.96005	3.08101	-5.5298
-3.96008	3.08101	-5.22878
-3.96008	2.33575	-5.22878
-3.96007	3.08101	-4.92778
-3.96007	2.33575	-4.92778
-3.96006	3.08101	-4.62678
-3.96006	3.08101	-4.32575
-3.96006	2.33575	-4.32575
-3.96006	2.33575	-4.62678
-3.96006	1.59049	-4.32575
-3.96006	1.59049	-4.62678
-3.96006	0.84526	-4.32575
-3.96006	0.1	-4.32575
-3.96006	0.1	-4.62678
-3.96006	0.84526	-4.62678
-3.96005	5.31676	-5.5298
-3.96008	5.31676	-5.22878
-3.96007	5.31676	-4.92778
-3.96007	4.5715	-4.92778
-3.96008	4.5715	-5.22878
-3.96005	4.5715	-5.5298
-3.96006	5.31676	-4.32575
-3.96006	5.31676	-4.62678
-3.96006	4.5715	-4.32575
-3.96006	4.5715	-4.62678
-3.96006	3.82624	-4.32575
-3.96006	3.82624	-4.62678
-3.96007	3.82624	-4.92778
-3.96005	3.82624	-5.5298
-3.96008	3.82624	-5.22878
-3.96007	5.31676	-3.42274
-3.96007	4.5715	-3.42274
-3.96007	4.5715	-3.72376
-3.96007	5.31676	-3.72376
-3.96007	3.08101	-3.42274
-3.96007	3.82624	-3.42274
-3.96007	3.08101	-3.72376
-3.96007	3.82624	-3.72376
-3.96005	3.08101	-4.02475
-3.96005	3.82624	-4.02475
-3.96005	4.5715	-4.02475
-3.96005	5.31676	-4.02475
-3.96007	0.1	-3.42274
-3.96007	0.84526	-3.42274
-3.96007	0.1	-3.72376
-3.96007	0.84526	-3.72376
-3.96007	1.59049	-3.72376
-3.96007	1.59049	-3.42274
-3.96005	0.1	-4.02475
-3.96005	0.84526	-4.02475
-3.96005	1.59049	-4.02475
-3.96005	2.33575	-4.02475
-3.96007	2.33575	-3.72376
-3.96007	2.33575	-3.42274
-5.78481	0.1	-6.58332
-5.78481	0.84526	-6.58332
-5.78481	1.59049	-6.58332
-5.52414	1.59049	-6.43283
-5.52414	0.84526	-6.43283
-5.52414	0.1	-6.43283
-5.78481	3.08101	-6.58332
-5.78481	2.33575	-6.58332
-5.52414	3.08101	-6.43283
-5.52414	2.33575	-6.43283
-5.26345	3.08101	-6.28232
-5.00279	3.08101	-6.13182
-5.00279	2.33575	-6.13182
-5.26345	2.33575	-6.28232
-5.00279	1.59049	-6.13182
-5.26345	1.59049	-6.28232
-5.00279	0.84526	-6.13182
-5.00279	0.1	-6.13182
-5.26345	0.1	-6.28232
-5.26345	0.84526	-6.28232
-5.78481	5.31676	-6.58332
-5.52414	5.31676	-6.43283
-5.52414	4.5715	-6.43283
-5.78481	4.5715	-6.58332
-5.00279	5.31676	-6.13182
-5.26345	5.31676	-6.28232
-5.00279	4.5715	-6.13182
-5.26345	4.5715	-6.28232
-5.00279	3.82624	-6.13182
-5.26345	3.82624	-6.28232
-5.52414	3.82624	-6.43283
-5.78481	3.82624	-6.58332
-4.22074	5.31676	-5.68031
-4.22074	4.5715	-5.68031
-4.48143	4.5715	-5.83082
-4.48143	5.31676	-5.83082
-4.22074	3.08101	-5.68031
-4.22074	3.82624	-5.68031
-4.48143	3.08101	-5.83082
-4.48143	3.82624	-5.83082
-4.7421	3.08101	-5.98131
-4.7421	3.82624	-5.98131
-4.7421	4.5715	-5.98131
-4.7421	5.31676	-5.98131
-4.22074	0.1	-5.68031
-4.22074	0.84526	-5.68031
-4.48143	0.1	-5.83082
-4.48143	0.84526	-5.83082
-4.48143	1.59049	-5.83082
-4.22074	1.59049	-5.68031
-4.7421	0.1	-5.98131
-4.7421	0.84526	-5.98131
-4.7421	1.59049	-5.98131
-4.7421	2.33575	-5.98131
-4.48143	2.33575	-5.83082
-4.22074	2.33575	-5.68031
-4.28591	0.1	-5.34166
-4.3511	0.1	-5.00303
-4.74211	0.1	-5.0783
-4.61176	0.1	-5.45455
-4.48144	0.1	-4.32577
-4.41625	0.1	-4.6644
-5.00278	0.1	-4.32577
-4.87243	0.1	-4.70203
-5.52414	0.1	-4.32575
-6.04551	0.1	-4.32577
sdjflksdjflsdjflasjflsdjflsdjf-5.13311	0.1	-3.498
-5.78481	0.1	-3.87426
-5.32863	0.1	-3.91188
-4.87244	0.1	-3.94949
-4.41624	0.1	-3.98713
-6.0455	0.1	-2.29396
-6.30619	0.1	-2.51971
-6.04552	0.1	-2.82072
-5.78483	0.1	-2.51973
-6.82755	0.1	-2.97124
-6.56686	0.1	-2.74549
-6.56687	0.1	-3.42276
-6.30619	0.1	-3.12174
-5.3062	0.1	-3.87425
